flashtalking.com={477,618,460,441,454,451,454,484,640,479,456,462,465,470,496,683}
servedby.flashtalking.com={505,674,491,483,485,478,481,521,705,520,495,499,501,504,541,753}
websecurity.norton.com={6213,8837,6042,5282,5311,5490,5684,6371,9012,6041,5337,5371,5503,5641,6258,8714}
seal.websecurity.norton.com={6291,8971,6100,5326,5367,5541,5718,6438,9120,6099,5387,5424,5549,5676,6308,8818}
helpcmsecurity1.ksmobile.com={6392,4571,6963,7984,7706,7793,7861,6223,4359,6897,7922,7846,7859,7620,6345,4602}
hola.org={82,33,85,120,120,137,131,85,33,91,132,129,121,105,69,32}
comodoca.com={296,317,268,251,279,273,269,314,343,283,263,296,279,278,332,355}
www-cbc-ca.cdn.ampproject.org={137170,112721,135489,149330,153372,154789,153688,145157,119639,142551,141191,145074,202254,266022,250583,191094}
symcd.com={597,527,480,495,557,533,545,625,529,488,504,571,547,547,633,516}
pandasecurity.com={12388,9898,13002,14305,14154,14235,14214,12238,9692,12724,14250,14224,13897,13667,12202,9847}
wenda.so.com={311092,256355,368583,390803,395599,333398,280290,246879,242012,399616,421719,381946,368443,369108,297051,245388}
easylist.to={11633,12618,13501,12074,12279,14198,12809,12247,12786,12001,11234,11871,13371,12393,11748,12663}
embeds.audioboom.com={81929,123292,76626,64648,64123,68829,73040,86185,168482,78902,66353,63521,59727,60214,73406,144839}
offerup.com={11667,11253,12168,12173,12373,11630,11406,11806,11431,12044,11838,12014,12542,11953,10972,11089}
jh1230.com={4280,2860,4543,5474,5307,5407,5371,4225,2764,4629,5552,5315,5218,5074,4114,2830}
mmcge.com={1000000,472894,616520,1000000,1000000,1000000,1000000,987308,703816,901106,983030,869022,571856,407760,324988,246969}
rhi.com={546875,958758,430783,409915,408835,400696,419903,498841,933438,438267,421539,422515,446357,469867,502762,799885}
yellowhammerflashint188671193078.s.moatpixel.com={7658,11708,7361,6414,6312,6513,6720,7893,12729,7496,6310,6296,6465,6744,8139,13342}
api.reasonsecurity.com={10707,8287,11266,12299,11836,12320,12470,10742,8263,11291,12651,12689,12296,11858,10288,7889}
security.snssdk.com={10920,7742,11569,14160,14207,14233,13552,10976,7787,11722,13909,13747,13780,13267,10943,7816}
securitycloud.symantec.com={11211,9792,11206,13032,13901,12898,12099,11205,9485,10884,12127,11834,11729,11315,10212,8648}
nd.nudatasecurity.com={12368,15797,12807,11593,11878,11969,11222,11359,13478,11918,11210,11475,11376,10890,11671,15122}
security.ubuntu.com={12546,8916,13142,15395,15343,15443,15053,12645,8873,13098,15145,15250,15118,14848,12680,8975}
securityapi.d3-pr-tm.com={12623,11778,12568,13728,13537,13273,12870,11477,10589,11276,12442,12250,11963,11704,10464,9770}
r3.securitycloud.symantec.com={15042,13110,15197,17489,19540,17275,16037,15072,12794,14789,16128,15475,15435,14798,13495,11402}
usea1.r3.securitycloud.symantec.com={15043,13111,15198,17492,19543,17278,16039,15073,12797,14791,16130,15476,15438,14799,13496,11403}
updates.pandasecurity.com={18412,15048,19620,21636,21074,21430,21471,18037,14531,19123,22096,21936,21174,21000,18283,14876}
security.baidu.co.th={20646,15342,22138,26008,21666,22765,28150,22455,16882,24726,27678,26972,26854,26652,22542,17524}
vze.mcafeemobilesecurity.com={22958,23398,22593,23815,24113,24504,24212,23466,23001,23322,24369,24400,24269,24201,23552,23648}
flash.sec.intl.miui.com={25289,18861,27395,31621,30646,30537,30674,25630,18532,27289,32021,31446,30883,30126,25401,18619}
security.comodo.com={26598,21244,27366,31234,31122,31043,30542,26689,21170,27297,32062,32022,31283,30340,26552,21751}
mitm.sepmobile.securitycloud.symantec.com={28189,26036,27748,32284,32137,31964,31299,28160,25504,27073,31607,31563,30858,29974,26812,25105}
popup.security.baidu.co.th={28372,20616,30458,35914,28470,29489,39234,32742,24180,34630,39089,38484,39210,39014,32809,24644}
premium.360totalsecurity.com={29113,23485,31969,32549,31372,33257,33840,29485,23428,31371,35743,35696,32810,30479,27377,22031}
phishalarm-us-east-1-v2.securityeducation.com={29355,44472,28258,25241,25188,24910,24719,28589,44318,25772,24056,24899,25203,25976,29826,43863}
datacore-write.securitytrfx.com={29616,42954,28332,23314,23189,24797,25489,29682,37878,26061,24000,24584,26346,28204,33231,46229}
fraudscore.mobi={29751,22005,31914,38005,41969,40046,37248,34187,25203,37450,43369,42434,40203,40383,37907,24569}
api-ticketmaster.nd.nudatasecurity.com={29825,38436,32975,28516,28874,27985,23246,22109,27462,28541,28132,28969,26144,22363,23527,36632}
freeav.updates.pandasecurity.com={31393,25340,33178,37358,36538,37071,37225,30208,23906,32842,38099,38404,37252,36820,31628,25493}
point-cmsecurity.cmcm.com={32893,27275,36811,40423,39428,39610,39325,32178,25093,35897,40223,39406,38551,36406,31539,26196}
buzzoola.fraudscore.mobi={35365,24024,35607,44209,50079,48221,43790,38514,27525,42240,50537,49599,45820,45020,41416,26063}
dh.amcrestsecurity.com={35559,23406,35581,43853,44582,44937,42634,33903,23138,35993,44975,44896,44009,43231,34867,23795}
tiptipon.msc1.sepmobile.securitycloud.symantec.com={38823,39371,38112,41233,40439,39890,39625,36746,37393,37052,40132,40565,39970,38422,35614,35904}
fraudmetrix.cn={43386,35580,45321,50898,49557,49050,48948,42894,34734,44250,47405,46863,46189,45304,41169,33307}
fp.fraudmetrix.cn={44637,36056,46466,52647,51698,51150,50675,44262,35439,45625,49537,48966,48177,47122,42543,34020}
cis.td.security.comodo.com={45757,37131,45615,52159,51532,50218,49930,45347,38020,46560,52484,52696,51135,49614,44905,38900}
gdatasecurity.de={47714,40205,55535,57729,55597,56722,56561,50533,42276,51672,56852,56261,56168,55534,49292,41358}
storage.accesscontrol.pandasecurity.com={49803,40917,53103,56867,55335,56667,58065,50002,37826,48338,55923,58426,57146,56248,50994,42680}
dmp.devices.pandasecurity.com={50117,43125,55444,58110,56039,57795,58353,49383,40731,51762,58153,58503,57030,56720,50255,42643}
www.virustotal.com={52441,50088,50099,51766,52676,52670,52693,51908,49426,51061,52141,50942,51441,53381,53687,51580}
www.flashscore.com={53086,43266,60937,71372,68995,70446,77188,66958,51298,61472,66984,66773,71499,69493,54496,43366}
www.securitymetrics.com={53406,85569,53958,46057,45513,45200,45517,54108,84720,51702,45191,45533,46105,46629,53727,89163}
flashservice.xvideos.com={58094,42227,62232,70631,71103,71756,70111,56112,39312,60232,71873,72335,71267,69697,57523,41004}
socialsecurity.gov={60277,98442,51836,43838,46420,47761,47750,56681,102484,53242,45026,46338,47447,49849,59834,91946}
www.socialsecurity.gov={61861,101758,53028,45079,47620,48969,49056,57782,104461,54471,45990,47443,48703,51049,61367,94845}
pcisecuritystandards.org={66198,51003,68127,77350,79728,78193,76280,67075,51098,69068,78859,78683,77855,77515,67109,50628}
endpointws.aether.pandasecurity.com={67028,58006,67520,76254,76448,75256,74499,66811,57379,67868,76174,74529,73063,73559,65347,56386}
api-c689641d.duosecurity.com={67122,76040,66657,62877,63244,64778,62043,65021,74020,66868,65612,67217,67153,68739,76277,91343}
flashscores.co.uk={67666,45821,82044,127287,129667,98934,94140,81207,61538,97140,119346,118272,127825,123627,68880,45373}
clareitysecurity.net={68764,79112,70750,67148,66987,66310,65897,67947,77375,69739,66686,67220,68235,67881,69803,82222}
remotesecurity.alcatelonetouch.com={71883,55795,82055,91216,84747,85265,84468,68085,51275,79651,94481,89354,87020,85184,73917,57142}
services.nofraud.com={73716,86667,68769,62608,62338,60983,59719,65876,78642,64121,59228,58601,57310,59244,67013,74439}
verify.test.duosecurity.com={73923,60080,96528,108415,117205,100514,104353,126585,167804,106851,90345,85734,97195,68826,56182,84739}
ceofraudmanager.wellsfargo.com={75310,768384,80037,68255,67972,66392,64798,76410,752570,78513,67635,66683,65616,64270,72919,492797}
flashcards.vitalsource.com={77296,70009,57212,56050,56848,57015,63296,68813,60084,55244,54125,53467,55847,62825,68634,59378}
seal.beyondsecurity.com={77507,101107,76247,67432,66741,66357,69312,77864,95871,73730,65926,65537,66386,68443,77341,99274}
api.miui.security.xiaomi.com={78942,61131,87437,101660,99212,98363,95306,80133,60074,85270,99547,96630,92785,89796,76902,57471}
check.sanasecurity.com={83575,90014,99953,96771,86111,88932,82300,74971,93715,87331,81020,82732,87948,88031,89002,91732}
tongji.flash.cn={84204,70732,87209,95560,95118,94609,89281,72151,55817,74017,81428,81841,80172,77215,68357,52080}
security-us.mimecast.com={84339,209949,78473,65759,66668,69538,72296,86290,202460,77465,67160,65329,66654,70725,85243,270908}
portal.cloudappsecurity.com={89518,79255,94495,104604,105694,106087,104193,94340,79553,97850,108209,106197,104499,103874,95225,79611}
tracker.flashtorrents.org={92497,66892,93229,113993,114986,116447,115321,91305,64161,93214,117275,118391,115984,110848,89488,65461}
flashgames.ru={96209,192756,132707,119331,113098,105467,98715,109295,223667,134631,117577,110036,106109,95608,100733,220219}
www.flashgames.ru={96650,195463,133619,119790,113448,105985,99183,109965,228480,135347,117896,110428,106475,95891,101435,223825}
www.flashbrowser.com={101271,113966,99345,95478,95910,94574,90496,97124,116294,96945,93845,95409,89527,88302,96061,121858}
collector.fraudmap.net={103892,241465,91426,80306,88550,85361,84196,105162,247833,99426,85629,88207,89091,90431,104443,231984}
rsync.sanesecurity.net={107857,77655,112358,127877,128658,135238,132936,108250,77139,113772,139313,140193,128705,123742,103347,72202}
dlarray-norda-filecl-pool-1.gdatasecurity.de={117956,128539,264273,151238,138621,147267,141465,129510,171754,148862,144334,142143,142091,136985,123003,151787}
t.flashscores.co.uk={118636,77083,148814,332390,334860,177005,168288,189231,115982,224681,283530,288487,327029,327571,123980,76175}
pac.menlosecurity.com={122048,107295,128733,147177,146655,146980,143058,123177,106627,133128,155355,153281,148974,143103,122337,109360}
devicesecurityandprivacyservices.verizonwireless.com={122427,293929,118272,105755,123683,122465,115349,134338,284659,129319,105697,110964,116870,110147,127476,281070}
callflash.info={125839,105870,153621,160616,156278,155593,148014,121432,103156,143445,157382,155528,158609,153575,132945,113845}
gamesecurity.garenanow.com={128663,102549,137600,156532,157365,160657,157971,137266,108335,144013,157525,150424,153479,150815,132578,109476}
coreservice.heimdalsecurity.com={130300,124095,128797,140307,143088,142232,141143,130719,127129,131159,145878,143808,139448,139608,126929,136869}
plcm.sipflash.com={130590,174475,138303,149899,149605,147075,146414,134688,173972,139714,149548,147219,145328,142220,129471,168094}
d3-pr-cu-app-securityapi.azurewebsites.net={131383,128961,128341,134656,131690,128437,129037,123245,119073,119949,123172,118183,119414,117264,110486,108615}
eflash.doverstreetmarket.com={131744,97801,140125,186051,203820,174089,167530,137124,100102,145412,171316,186143,205894,166862,131182,94710}
powersecurity.elitegames.mobi={133517,113125,139759,153004,150038,149488,153944,134402,113422,140901,148178,147454,151178,152741,139795,110805}
services.keepersecurity.com={133533,243228,123026,114902,117773,119316,120557,135126,243250,127162,118095,122281,126231,128062,137826,268768}
connect.hisecuritylab.com={136435,116904,156313,163652,163280,166498,163481,136169,107613,141115,159044,167096,203219,159036,146216,119298}
push.services.keepersecurity.com={136611,246387,125531,116893,119210,121694,122889,136209,245819,129488,119902,124539,128701,130564,140295,273757}
flash2-http.qq.com={136844,105042,136304,152747,148222,149827,147557,126877,99154,135651,149262,147181,145657,139512,119482,92387}
cloud.sitecomcloudsecurity.com={139255,97197,134466,181566,175295,169863,164107,138217,101903,141238,170231,182857,205875,205805,176831,102869}
2052.flash2-http.qq.com={140382,107782,139538,156616,152657,153922,152112,130552,101364,138638,153223,149920,149904,143927,122076,94849}
truekeyapi.intelsecurity.com={142239,183096,154425,139757,140485,145527,145216,164477,217221,155592,144608,147585,147784,142930,176178,213547}
security-gateway.k12.com={142639,441936,116045,101900,102662,101294,108221,146388,445922,134672,116123,119461,123824,133756,221879,516959}
freeav.downloads.pandasecurity.com={145939,122837,155534,162450,156055,156022,163639,146816,113824,146106,163491,160240,174905,211534,203663,171020}
images.sportsflashes.com={149107,98809,209272,624047,1000000,1000000,1000000,1000000,1000000,1000000,1000000,1000000,1000000,1000000,1000000,1000000}
us.portal.cloudappsecurity.com={152049,164866,176338,215743,217393,211452,213930,198645,169762,205480,222210,218863,217596,218113,204412,172968}
virusfree.cz={153857,124907,205502,253954,237383,220012,224352,213891,173785,178973,189878,221091,212468,207255,208075,177135}
droidsecurity.appspot.com={156634,128751,207795,228008,230015,226492,230083,189315,125051,203517,237535,252826,262830,235730,203219,158327}
pnsen.cy-security.com={163210,132573,218393,262076,245098,234212,239196,187888,116559,197556,264191,260862,274697,268626,209224,162916}
flashdeals.aliexpress.com={189462,123296,160233,211298,216527,225538,242116,210648,161730,260116,303611,284418,216829,183234,126299,82438}
flashresultats.fr={200785,117787,209478,318163,314764,295775,273017,218695,185149,248754,283699,290401,335784,326318,226053,132559}
router.flashget.com={204620,166757,195027,224638,229545,264999,273481,219585,182833,218847,250495,248937,250462,252509,213048,172120}
withdraw-cmsecurity-1239520329.us-west-2.elb.amazonaws.com={204670,188696,211853,222237,219722,223123,219110,187193,173074,210386,220063,215173,209367,204378,198646,222006}
elb.flashtalkingfeeds.com={205528,316355,210179,153695,152560,158356,167700,256606,356546,209562,160419,163057,162824,211062,296188,380458}
www.yoursecurityresource.com={209267,228547,155130,150531,153785,155317,160579,198668,200523,159177,156696,158015,152213,158381,208098,218501}
devicefingerprinting.fraudvault.com={211155,400478,349051,229770,175300,193778,218102,266153,419431,310934,222764,208900,209419,148495,143071,294967}
api.bqtabc.adflash.cn={212988,163468,217338,268154,267850,251114,258174,214669,125797,216407,281409,281829,289004,282642,245829,171692}
www.antivirus.com={216304,184802,316488,344160,323594,291398,273532,275931,122120,264540,291830,269325,275093,299452,208676,167950}
www.globalsecurity.org={220340,286522,192798,149576,154560,159971,161764,215905,273928,206871,150809,145310,117850,111088,167588,274808}
attmpp-p-security.asurionmobile.com={221402,226320,214983,221998,222538,226933,225099,258956,254705,237866,236377,226694,241307,246792,254917,253750}
ndapi-ak.ndsopck.nudatasecurity.com={222343,311460,208343,182354,203046,206681,211993,226667,317426,217862,180513,158804,149103,181080,252320,330636}
sysdb.watchtower-security.net={251152,174284,263691,314616,314519,314683,305706,253788,175858,265620,312614,312112,307705,301351,258149,177117}
trustsealinfo.ilg.websecurity.symantec.net={257817,262345,267619,244612,231368,269777,266559,261667,257623,250368,231092,252001,264074,273880,279558,271690}
www.flashseats.com={257845,316037,291758,278177,279361,298255,277562,296386,441297,308728,264910,286935,297369,283968,305258,412282}
app.flashissue.com={264135,590905,262398,211936,214005,215872,221918,275992,582551,235195,218744,216270,219365,256576,280903,534167}
sgt.oktasecurity.com={268820,242269,273841,316647,325195,301367,264324,262725,238589,274580,329089,332609,290685,276800,276252,249867}
nakedsecurity.sophos.com={273824,288382,262214,214525,202381,226078,140030,127550,268826,217520,205711,222807,260102,272641,279424,317550}
mypcsecurity.webrootanywhere.com={274241,524248,261250,200135,214111,223603,226096,286170,571109,289824,229300,220778,216082,225072,284636,520109}
securityfs.coloros.com={275561,136200,144230,213827,294118,313843,299357,250341,107814,126950,171087,195132,202691,166755,117524,90946}
androidsecurityteam.club={282770,232005,288782,328905,351013,352507,356538,313647,245122,296326,330924,330835,330405,315488,275958,216031}
drv.androidsecurityteam.club={282831,232063,288873,328970,351119,352627,356659,313750,245194,296405,331009,330922,330500,315557,276049,216082}
nqsecurity.nq.com={286797,197837,292467,334170,334773,337865,351074,291343,189711,292274,364883,375666,387311,352838,309731,259422}
security-api.myfoscam.com={289131,279088,287370,297333,302329,305149,296603,283697,280816,291930,299731,296816,287178,304004,305147,292459}
cax.virusfree.cz={291267,244726,286659,314776,300709,283327,299975,289465,233720,259370,283260,299524,292658,296492,281799,248193}
flashx.tv={291361,205965,290605,350207,365034,366687,353768,280478,178535,279575,346798,338602,354591,381507,311647,221006}
download.cloudantivirus.com={292401,255042,319985,324583,302566,307985,319862,298036,251953,309397,331007,314249,314164,323429,304418,269814}
mx01.mep.pandasecurity.com={293648,298690,308543,311104,288572,290046,299271,309538,338568,288526,284550,299653,261678,271281,323830,344248}
img.applock.security.net={294110,240552,343086,400963,384601,371128,376288,299965,236331,331207,393774,374906,387920,374407,309662,238806}
contentsecurity.elsevierperformancemanager.com={295711,319046,287996,229423,216315,214541,226480,286431,340322,264056,228713,225313,221116,245420,282256,313744}
contentsecurity.webinservice.com={296283,319047,288842,230435,217061,214542,226933,286014,341426,266320,229766,226720,221944,246110,282257,316420}
contentsecurity.collegeofdirectsupport.com={296861,319044,288840,230776,217481,216503,227408,286867,342515,265757,228712,226361,221943,248209,283599,318149}
www.fraudlabspro.com={297282,347958,293048,265252,234905,227092,237561,288941,338993,295815,242616,254912,281307,294516,310442,333050}
contentsecurity.educode.com={297953,319045,288841,230082,217482,215905,227655,287270,343609,267970,230343,227045,223140,248904,283139,317240}
elb-security-log-1219257778.ap-northeast-2.elb.amazonaws.com={298603,281714,286296,302818,309747,308741,318558,310495,288373,299622,307665,301722,295249,291754,281420,284850}
flash-aka.privalia.com={299257,436309,459612,309176,228750,233234,232719,278305,389539,287601,255976,267656,223783,234378,296726,398287}
www.welivesecurity.com={303922,328029,327960,311762,274993,240937,277042,300739,311917,297186,255882,259746,281322,292726,322333,377043}
www.notimeforflashcards.com={305860,506861,265477,200956,216459,190221,206935,294128,527535,265113,192210,210887,204388,221480,300267,475982}
en.mahjongflash.net={307377,684138,370654,301387,276209,254994,226502,293837,710228,372664,334242,318664,280453,265350,310633,701271}
my.frontpointsecurity.com={316612,270335,381874,364867,382528,410186,395985,439083,450666,328164,299312,312480,341658,287902,254743,252074}
www.flashalert.net={320524,1000000,377121,319645,307610,307074,289483,367738,1000000,699565,642506,654111,783446,1000000,1000000,1000000}
www.infosecurity-magazine.com={321728,848919,503324,448708,440014,465515,455812,464593,799606,619659,478068,467118,474192,466364,603885,956449}
ext-elb-tsp-api-security-us.tsp.cld.touchtunes.com={325494,259970,354246,424433,452575,433622,374194,324471,278420,383359,438272,442538,422642,399991,354502,292821}
s1.gomaxsecurity.com={326340,272876,336174,359690,363492,355125,358699,322723,267684,336321,371271,377143,385976,378614,354054,287034}
www.offensive-security.com={326476,331512,306509,292631,299342,315135,326434,335722,333655,326521,329235,329865,320814,336356,334082,311709}
www.flashresultats.fr={328915,244227,335106,423179,409017,394061,391101,337848,286618,361130,395710,387545,439115,451976,337978,257112}
searchsecurity.techtarget.com={338721,416014,323664,293972,298339,299740,314854,372103,433590,336985,309353,309327,314454,319425,353331,378155}
securitycheck.phusionpassenger.com={338722,325588,387536,411623,416366,415663,401487,385136,322651,402475,428602,417546,410666,402805,374856,317748}
update.xforce-security.com={339448,268162,353173,409152,414707,411313,398929,346279,265341,362613,424660,415683,401806,402091,349786,275427}
us.azureauth.duosecurity.com={348390,452033,313244,242438,228041,256494,253558,301144,395496,288252,243273,263930,262717,267704,295936,378342}
content3.promiflash.de={349398,322885,312874,313132,322001,322619,336334,365330,340320,311471,310317,307090,302224,327794,359784,337403}
fraud.texas.gov={350270,519457,229911,162186,171089,176535,195038,276978,425945,240213,163056,166676,175846,210848,295670,477129}
sao.fraud.texas.gov={350561,520935,230539,162224,171423,176612,195867,277182,426798,240837,163113,166728,176696,210926,295854,478302}
lab.tenablesecurity.com={351108,271488,362923,426401,432572,426234,412557,350433,266234,370209,430288,432301,437621,431770,368678,284344}
netservices4.lab.tenablesecurity.com={352622,274749,369163,431990,437568,431970,415202,351993,269536,373816,432448,435499,442897,433972,370404,285626}
browser-prod-flash-lb-545305.us-east-1.elb.amazonaws.com={353868,409238,329222,313101,326247,326181,321559,350195,425539,335347,334170,338525,330437,342847,364432,410758}
www.securityweek.com={359968,341065,372951,363081,333075,314740,339900,383299,382510,368070,241424,239948,305987,308577,354222,380017}
www.texashomelandsecurity.com={360731,525974,280992,213684,186238,170013,205378,292409,479171,231008,160897,160751,172098,207820,272333,423096}
api.quicktouch.adflash.cn={361617,280109,380665,445632,445484,437277,424968,357031,270643,373401,455571,443397,433071,436729,377795,287236}
www.justsecurity.org={362326,668070,158889,161118,420059,621933,696234,793481,834323,389997,239220,294358,568477,597583,593176,730858}
centiumsecurity.dk={363393,263476,439467,569934,561126,554131,558282,579484,457865,497643,442322,455600,494887,464096,533537,416865}
www.pcisecuritystandards.org={364899,653899,369505,322171,335993,319849,314511,367761,810824,396770,336719,325022,330340,342214,407133,768949}
www.flashcardmachine.com={376296,376444,315435,281981,272638,300234,314054,341341,354897,303211,250561,263381,288605,307596,339496,303175}
www.securityfocus.com={380299,302840,312735,369628,339842,356450,435863,442817,305073,335242,442104,355266,347305,428194,456708,322465}
email.neweggflash.com={382600,374066,351952,385222,440399,419730,399327,403509,350492,366768,383626,387810,387824,383065,373597,341781}
click.email.neweggflash.com={387288,379952,353438,386595,443487,422355,402787,406647,352733,368288,386420,389890,390616,386924,377053,346137}
mdsupdate.securitycoverage.com={390609,313916,356017,399534,411930,413704,403052,363084,307161,356289,405459,395441,399975,404280,360027,301896}
api.funbuzz.adflash.cn={394357,306159,384186,441429,460902,451786,428784,369694,308488,398854,452133,448909,459596,428306,365164,297675}
intserver1.flashvalet.com={397895,296280,389108,451357,453882,445760,429103,377544,298106,388474,406216,466475,449422,439254,367847,289464}
www.flashx.tv={405156,286518,388630,518350,558627,563910,531875,435236,318896,423608,502953,485992,530200,582539,470964,319737}
assuredsecurity.qrasset.com={406534,311920,422584,498185,502296,501643,480699,405467,312992,425020,495916,500726,493161,475702,405089,314532}
i1.flashdozor.ru={406839,309618,456462,570348,591830,569129,503806,384790,312303,471825,569133,532278,544678,569589,460710,353427}
security-tracker.debian.org={408419,314962,422137,484816,483293,486590,475742,384114,300051,436944,507176,498731,473907,446079,412732,327880}
www-apple-com-virus-removal-systems.fixingit.solutions={408614,310073,342716,523531,527714,387329,413780,448773,503789,543390,413295,346573,351547,371052,373289,298276}
ma.tinyflashlight.com={412952,319283,458209,526414,467766,440627,473959,427637,337432,435216,481532,512069,513819,498452,427590,332552}
infosecurity.intuitiv.net={414130,1000000,608829,542359,599048,665561,591789,609566,1000000,1000000,623267,597741,647611,663274,920474,1000000}
securitycenter.windows.com={418301,551608,398048,379981,404003,412124,421772,462633,585519,418619,403159,430489,440991,443842,463092,612145}
flashvideo.rferl.org={419069,358087,506209,565904,513648,514346,525295,465253,383055,435030,483928,535621,522038,529419,536209,305247}
static.antivirustotal.mobi={419648,359912,524620,636553,654275,673479,743793,822896,613143,811512,985074,837933,949186,1000000,701874,545305}
www.helpnetsecurity.com={419836,454863,633314,455259,420051,425734,441283,556985,799561,429531,446391,568628,541717,561763,678589,956381}
securityapi.ppkankan01.com={422253,344287,437478,530275,516169,505689,481684,406157,332468,472375,543783,524116,524462,483718,399143,335917}
www.flashlyrics.com={423818,474121,443435,441270,437965,434211,408625,423034,485933,425979,418778,417734,428047,432285,468968,499093}
registry.monkeysecurity.com={427610,873843,606385,510873,487209,482227,427451,434892,747965,528148,515023,538187,484932,435235,486656,1000000}
www.infosecurity.intuitiv.net={427927,1000000,785030,645974,670803,752032,675469,735057,1000000,1000000,710800,667203,721161,774092,1000000,1000000}
webflash.waitersonwheels.com={431936,595161,433640,430516,438895,444083,414633,398750,511831,422345,450796,455232,456930,449628,435090,569517}
www.cisecurity.org={431988,499661,409662,387871,395624,383811,396310,483636,624634,409872,376626,377914,374107,374806,445526,632838}
fraudefence.ai={438567,395403,519229,745079,950310,1000000,1000000,1000000,1000000,1000000,1000000,1000000,1000000,1000000,1000000,1000000}
serv.fraudefence.ai={439178,396094,520150,746945,953381,1000000,1000000,1000000,1000000,1000000,1000000,1000000,1000000,1000000,1000000,1000000}
internetsecurity.xfinity.com={441869,494397,496037,479027,455097,458911,466198,462118,514619,485258,463986,465290,498502,537181,557545,500831}
flashservice.adobe.com={443312,515618,466108,430902,443629,426096,408965,455602,546383,463656,439305,445822,451618,448987,477860,519268}
urlsecurity-dev.camera360.com={447695,367753,468497,521657,541200,555473,515764,409638,348864,439749,524021,554015,562001,552626,474877,375352}
clk.anticlickfraudsystem.com={448309,357903,351886,372662,385866,425976,456138,452290,368052,356042,350271,357038,377014,445501,516889,416906}
mobilesecurity-1799246530.us-west-1.elb.amazonaws.com={452385,363357,486751,491501,465241,489271,481338,418765,359343,450548,454911,457155,492301,501679,462696,396928}
securityservicesfcu.demdex.net={452768,752851,483627,436186,426248,427320,438844,481404,766814,425748,391146,416565,432723,422731,449900,777232}
www.travelsecurity.com={454977,810140,395297,368219,378117,385255,373958,414378,630594,380983,383379,402959,390468,403830,471077,731212}
cpp-fulg.wip.pandasecurity.com={458823,413059,457798,496862,477419,464667,476413,441634,376816,457463,507944,496558,490165,501197,462126,401650}
securitycore.alipay.com={459733,420003,485384,542956,542892,513392,518977,525268,400513,465992,520340,500137,482130,485163,454668,402556}
app.isecurityplus.com={460348,511004,415360,414466,449961,442229,446881,480231,537742,423829,410878,415959,425274,443188,444218,462270}
dedicado-consultnet.flashnetpe.com.br={460605,372531,495688,592853,626686,794418,627492,495953,396150,513744,631536,610457,596597,642241,590899,423672}
flashy.sanhok.pf.triptease.io={467749,561221,414491,391156,415128,410850,399362,468565,626866,415870,395251,393013,385699,409237,469743,566747}
fraudprevention.chase.com={474854,649703,490027,436781,444709,432709,435225,480646,638677,471741,433241,437287,437507,478900,613075,619527}
www.flashback.org={477633,389602,454160,478357,480997,508996,578183,523374,392203,437219,478049,487393,492899,554957,509562,406561}
cbs.boschsecurity.com={478101,389988,480892,576491,573703,507809,473546,447707,392600,526920,584009,584974,532525,502695,467469,396321}
sf16-security-va.ibytedtos.com={484835,341938,419692,541063,566402,608193,622932,476170,342054,482326,551531,566129,597763,563582,446785,323197}
virusengine.goforandroid.com={488861,457269,566812,604363,558476,567973,587978,505344,459870,602223,544022,519295,557955,540077,516085,467132}
virusprotection.it-solutions.atos.net={488862,529531,463643,448628,425461,426573,427625,491163,675937,466206,449635,446404,443230,440805,459778,651351}
autodiscover.titlesecurity.onmicrosoft.com={497111,1000000,525371,605016,598295,581865,583636,521533,1000000,522332,579315,571251,575386,568980,493579,1000000}
www.ultimatewindowssecurity.com={502785,547628,440568,378761,370303,408889,434909,499434,715478,487952,385530,356388,383436,423998,503346,791146}
kongkow.flash-machine.com={505811,443581,616212,753242,606555,562834,540374,492275,377195,534546,672486,675557,688226,674102,519706,426303}
zabbix.thesecurityappliance.com={506966,396544,525127,617598,623326,624887,588334,507793,385761,528825,625049,615454,614085,590183,505435,392640}
uk02.premium.360totalsecurity.com={508749,457195,548375,532214,518157,491164,498105,489083,438652,540675,590328,555958,545612,570605,537470,491537}
www.flashgame001.com={511116,1000000,654517,561037,537622,520367,499890,528046,1000000,785720,600508,560259,549860,500713,561806,1000000}
statics.antiviruscanonline.com={512943,399690,572293,639535,585840,588112,592771,491004,404376,553347,714097,802886,933163,1000000,985622,883246}
flashdance.cx={514066,388540,525847,613117,632457,609693,594109,496103,369602,473342,554643,558952,563010,593465,531406,401851}
flashratings.helpshift.com={516240,567680,557277,529562,526510,552366,571994,589965,815006,562432,546829,563192,534715,538989,554507,701488}
virusscan2.nsrit.com={517438,459895,543491,633926,636671,633132,614432,543014,454182,538190,627405,629530,636804,628339,532737,453698}
france.security-mail.net={525464,549757,532571,553795,542125,514361,511644,546918,735943,433809,428161,448116,444840,487485,562989,609859}
www.flashdesire.com={536821,424542,614374,693313,673994,657366,656202,575406,418797,521915,684804,744503,725275,687286,567720,420722}
www.sosvirus.net={539498,503340,1000000,1000000,1000000,1000000,1000000,1000000,1000000,1000000,1000000,1000000,1000000,1000000,1000000,1000000}
www.stickleyonsecurity.com={539502,877752,513937,485154,547109,557742,522870,551387,920454,556412,492912,526241,526654,478431,505380,871356}
anti-virus.topsec.com.cn={539768,410932,556680,658814,661583,645428,623957,540941,408980,567217,685330,699657,694196,680187,568217,430090}
flashmode.tn={540393,635038,537200,513682,534490,506586,494301,555181,694339,617428,554644,516697,498343,506206,587949,784079}
ep.develsecurity.com={542986,1000000,630826,561793,576134,584639,552114,566953,1000000,597174,566860,550864,560920,536958,495947,820185}
gbrsecurity02.telesp.net.br={545847,413335,549620,659623,797892,873810,721240,601147,546485,705025,599061,622323,753720,609546,460639,374593}
api.superflashlight.mobi={547910,452672,594301,698192,634532,598743,623981,560447,469569,596532,685364,719601,762282,734408,590442,427768}
www.bankinfosecurity.com={550208,821373,556246,490606,463111,457107,431680,462928,810262,504878,479381,529645,502796,471492,561741,1000000}
www.securityct.com={553278,1000000,553754,464578,464481,465549,495294,682221,1000000,548863,483475,484686,494562,519600,611702,1000000}
www.securityprousa.com={553279,1000000,1000000,1000000,1000000,1000000,1000000,896751,778870,643161,619021,946495,1000000,1000000,873819,684036}
ssologin.utcfireandsecurity.com={555635,832550,566565,544925,562334,541426,531609,588028,808838,566364,542002,549837,561862,619317,701855,868466}
pds-geo.lb.tenablesecurity.com={558151,421775,580582,645028,627687,623814,594875,511219,414104,560649,641607,640810,651412,624605,524814,420011}
www.securitymagazine.com={559190,668229,551222,496453,488990,506075,517671,538093,698915,540985,483476,497651,482491,481203,550850,652068}
rationalsecurity.libsyn.com={561387,701025,488832,466713,475467,493835,499513,522869,674748,467524,459643,465590,440955,475156,570052,682004}
fraudevaljs.americanexpress.com={563228,730216,477703,442757,498159,500500,502139,583211,803858,573569,475960,466385,495139,516602,638562,847739}
antivirus-update.huawei.com={568692,500287,618614,744074,646037,609049,620933,557404,500840,590284,707434,684828,679756,651825,556602,510817}
flashline.kent.edu={569438,539973,562636,585839,582593,554379,565063,642940,644861,594110,611704,649102,691481,714138,715611,600858}
sky.junipersecurity.net={574136,376204,509203,704865,687143,673382,684330,562453,429075,589265,684086,694526,696748,675211,570207,436193}
www.eu.portal.cloudappsecurity.com={577966,433145,593751,710196,721765,730533,684998,575396,438865,595991,722867,722899,717030,683427,573818,448812}
virusdef.merck.com={581095,808871,527088,556802,590601,572277,568535,540413,668626,580680,583287,552024,553872,510527,535108,705741}
www.us.portal.cloudappsecurity.com={581497,435577,593967,705851,706616,723789,685250,572288,431779,586922,707070,711061,709304,676096,570988,446461}
y8flashgames.wikia.com={581563,1000000,883036,668527,651884,670902,606496,713399,1000000,852390,740347,736046,643323,578023,713870,1000000}
h2.flashvortex.com={586138,555470,544693,542274,547854,589506,596729,549678,583710,549849,548863,518483,439557,449028,432969,389973}
virusmap.quickheal.com={587894,510124,455662,494859,581618,716571,582977,411912,387154,533190,645271,644656,526458,479662,488977,675638}
www.flashgames247.com={588094,1000000,872456,658316,562641,520368,526375,616040,1000000,750350,605516,564470,551923,568544,702751,1000000}
www.us2.portal.cloudappsecurity.com={588287,442511,600667,715640,722048,738003,696434,578830,438983,602662,723168,723185,717326,691395,580258,451475}
www.aeroflash.com.mx={591612,449605,614269,747703,698741,693895,642328,556866,436348,583689,710610,706685,679080,661533,561722,448742}
klab-antivirus.se={593452,456149,627497,761008,736763,702631,658046,564369,440089,607447,716668,716877,695588,666953,569307,433107}
logs-ngn-security.s3.us-west-1.amazonaws.com={593543,451010,612609,753371,775337,780110,765807,636633,487802,681109,829905,827301,938774,1000000,1000000,809693}
av2.klab-antivirus.se={595899,457927,626306,759546,739939,707287,660532,566470,441724,606342,715448,719696,698168,669349,571402,434688}
podcast.securityweekly.com={597688,498598,606177,663824,657019,692879,678843,606126,563746,655763,757507,743183,692568,610355,585597,512892}
www.aeroflashonline.com.mx={598661,452197,614270,747704,695051,698867,659671,565809,436349,589679,714552,714686,693512,665000,561723,448743}
smtp.logansecurity.com={601762,451777,621095,770065,752698,770289,743703,598776,451249,626526,753027,1000000,1000000,1000000,1000000,1000000}
ddns.hanwha-security.com={603488,484178,622963,752333,750404,742008,759530,736804,651076,769471,828687,859691,762989,713761,690742,619075}
flashgo.baca.co.id={603766,515617,769071,691144,616413,679302,800300,642939,531494,752882,741715,785118,885213,897257,789406,619493}
api.perchsecurity.com={606762,510974,661140,804524,788511,814024,794004,663683,508890,643940,786994,755063,738744,722990,608372,503318}
messaging-security.comano.us={612183,1000000,946747,673614,662962,697444,688702,873688,1000000,1000000,982962,994482,1000000,1000000,1000000,1000000}
pop.virus-defence.de={612625,1000000,1000000,1000000,1000000,1000000,1000000,1000000,1000000,1000000,1000000,1000000,1000000,1000000,1000000,1000000}
eu-c01.centiumsecurity.dk={615557,539865,697317,679892,662318,683119,693618,755189,710292,704830,668733,685593,758300,709359,691056,693938}
www.vipreantivirus.com={627366,586832,629621,658523,651827,608848,603751,645829,614116,731156,770654,769694,729794,679852,774364,731251}
bdsecurity.analytics.entreda.com={629301,641406,626351,723418,710946,778516,720373,589292,625852,620375,723754,736533,738933,713285,620208,584001}
reportfraud.la={631507,1000000,545499,479419,492925,511793,502708,581163,1000000,545444,485747,497253,514155,522743,630737,1000000}
tracenetlicensing.m86security.com={632006,476785,640912,762741,738376,776238,767400,645118,503482,656566,783125,780882,755894,737798,618895,491484}
www.wilderssecurity.com={632718,622740,677587,715654,714216,792997,757288,724112,707254,843499,891844,731565,742829,712387,678894,722758}
emailsecurity.cloud.threatseeker.com={635667,490639,681338,794292,755923,784426,780195,642788,490680,696483,820596,784924,753458,748368,638387,486267}
securityiq.infosecinstitute.com={637526,889478,580929,564707,579242,574171,555174,574763,971204,630296,615526,620476,618796,643921,740078,1000000}
widget.flashchat.ai={638184,674653,747145,678379,622978,723298,716179,667272,758821,826955,770066,763824,725064,781763,1000000,1000000}
www.liveflashplayer.org={638418,356449,610790,1000000,1000000,1000000,1000000,412014,296834,474352,572495,540543,501128,514170,384032,268238}
www.m.security.online-banking.hsbc.com.hk={638425,775837,597184,584966,545146,537977,578230,569031,676512,596062,572500,533213,528399,526797,537759,706447}
www.reportfraud.la={638490,1000000,546195,479773,494719,515385,506382,585349,1000000,548852,488833,499033,516296,523233,631969,1000000}
bdsecurity.entreda.com={641232,655448,638152,787501,710947,686597,699310,623259,650432,659165,760653,816503,816106,762281,682201,627932}
www.guitarflash.com={644588,688562,972527,897285,868991,877535,843344,718207,586391,716113,714721,759016,738044,675895,719066,683749}
www.thalesesecurity.com={651649,525976,567153,594614,571131,518749,580828,793766,723908,535899,536916,591763,554157,597679,864784,1000000}
antifraud.acstat.com={654811,746747,735884,698160,749653,908645,832338,533356,460439,653477,723549,964426,851524,695810,749769,707462}
lat.connect.hisecuritylab.com={671097,508646,689817,811593,728068,742889,748917,710163,562804,607470,720923,737906,835656,824977,731509,601546}
pc1.s1.gomaxsecurity.com={671877,562524,758641,828425,860794,850436,801756,699674,563675,760151,889344,876896,939940,914241,752891,536244}
dm20.cbs.boschsecurity.com={677804,504284,681154,879456,933512,799595,734889,714646,605181,917529,1000000,983268,869292,817010,737526,578001}
www.om-security.info={680907,552622,785156,803275,726019,758785,773330,621112,486027,647481,770499,795997,820755,827899,727001,502844}
bluewhale-tbamcsecurity-00.mydatamanagerapp.com={684317,574292,721231,892129,858005,941956,1000000,927836,980841,1000000,1000000,1000000,1000000,1000000,1000000,905392}
intuit.contrastsecurity.com={685520,561630,662555,760871,745946,820886,834254,782763,773333,788978,853234,875650,980795,1000000,1000000,1000000}
control.hornetsecurity.com={691250,1000000,642657,565695,578075,575226,601696,664240,1000000,584658,598709,645713,589365,580806,628820,983504}
www.securitybank.com={701257,983481,760695,634254,628716,624781,583277,592246,1000000,699809,630703,635831,640187,603054,615585,1000000}
flashcable.ch={704249,494101,630931,745056,736259,799946,865609,720395,546382,713019,788149,860170,834919,810205,707597,496838}
www.us3.portal.cloudappsecurity.com={707463,506967,733423,884213,875762,864839,831727,701516,504051,723874,870670,864253,856899,828083,678865,525715}
easyflash.galileo.vn={709781,705365,656595,781799,858789,809753,780105,761544,803288,801252,795704,771906,825518,794621,715349,725100}
flashnet.at={710019,601143,1000000,1000000,1000000,1000000,1000000,672106,626865,1000000,1000000,1000000,1000000,1000000,1000000,1000000}
ntvirus.url.com.tw={711319,576504,758475,692064,712628,659555,669873,763661,688738,832463,861313,773484,745458,736633,771841,673715}
www.esecurityplanet.com={712968,775608,564241,561033,590731,581433,583138,674840,936848,599136,570252,566536,491313,476853,550727,802418}
internet-security-alert-your-computer-might-be-infected.tk={716048,550154,1000000,1000000,1000000,1000000,1000000,1000000,1000000,1000000,1000000,1000000,1000000,1000000,1000000,1000000}
corp-ldcore-1.alliedsecurity.com={720597,600604,681000,793968,767558,814649,810555,709077,644246,781374,859185,932768,953130,862218,795489,751851}
flashgamesshs.weebly.com={721084,1000000,1000000,672976,646767,566836,513235,698144,1000000,815547,589122,504093,451617,454645,572031,1000000}
yourgoodflashupgrades.xyz={724807,835841,883065,1000000,1000000,1000000,1000000,1000000,1000000,1000000,1000000,1000000,1000000,1000000,1000000,1000000}
hostedsecurity.nl={726769,540220,1000000,1000000,1000000,1000000,1000000,827902,665201,1000000,1000000,1000000,1000000,1000000,1000000,1000000}
trends.flashmode.tn={729049,1000000,772022,636693,631073,621591,620172,728754,918258,842214,673785,638384,624787,628226,792767,1000000}
www.quranflash.com={729792,622609,747631,897569,706519,818557,1000000,1000000,822369,924110,1000000,1000000,1000000,1000000,1000000,885920}
flashcfg.youyouwin.com={731817,915660,807329,782057,768017,742344,594108,609243,1000000,927900,741714,655447,629218,642582,776488,1000000}
fpcu1.securityeco.com={731845,531422,769113,907584,904470,887483,858927,720426,562284,704962,837351,826516,817230,810241,649137,493282}
gamecfg.flashwing.net={731912,840615,945038,843736,814600,800014,728337,755435,852436,815669,741803,720572,670239,620915,629289,795885}
www.eu2.portal.cloudappsecurity.com={734992,525792,760393,911580,915588,914764,883946,752808,556974,767560,927280,915071,911262,866723,726816,545972}
cloudfeeds.sky.junipersecurity.net={736546,452944,626642,921563,903652,901574,878964,730872,531012,752217,900093,909885,906305,882280,737205,542849}
newsflash.xfcu.org={738645,1000000,1000000,1000000,1000000,1000000,1000000,1000000,1000000,1000000,1000000,1000000,1000000,1000000,1000000,1000000}
rss.packetstormsecurity.com={750425,701139,765204,828906,791591,890016,848140,814536,705183,784400,889924,819623,788563,780794,766253,682123}
dproof.web-security.com={759449,549451,626863,665968,689058,762123,810801,827081,744165,704658,761278,750977,647174,662780,715284,679014}
flipflashpages.uniflip.com={759784,1000000,697424,610602,601314,481664,402895,411302,514265,565144,558637,576220,510167,430598,441554,717296}
kc.speedtest.wansecurity.com={760432,592729,822086,901083,919579,919332,895678,756040,554798,735091,908753,919066,893470,863547,751849,572904}
virusmap.thirtyseven4.com={762951,861805,94334,92208,221015,425668,81553,60287,64089,103791,116386,358524,104338,103417,440893,884357}
www.securitylab.ru={763623,586767,740601,853201,901925,846686,849812,887220,741275,895524,960110,908112,847927,860583,780583,691477}
www.smashingsecurity.com={763637,653970,740630,871252,809700,852591,940872,712890,624925,799121,943320,923118,889623,854184,800764,642716}
aws.droidsecurity.com={764569,560279,704845,872260,773638,686560,727430,628995,486600,635714,755190,736493,767678,823113,722328,522343}
www.pandacloudsecurity.com={769551,908768,804891,715488,706486,670691,702530,801051,937357,799015,764517,759167,761466,766441,822879,976808}
api.advancedfraudsolutions.com={770367,1000000,826733,736529,681284,661195,593469,585752,1000000,813925,661416,630142,593769,585301,600719,859449}
phoneadmin.flashcashonline.com={773710,532668,602702,692202,614558,595098,669989,606094,471250,434173,513280,845713,916579,851934,416157,328707}
mx.securitynet.cz={779467,1000000,1000000,1000000,1000000,1000000,1000000,964193,1000000,1000000,1000000,1000000,1000000,1000000,1000000,1000000}
ecatacflash.icu={784288,698009,1000000,1000000,1000000,1000000,1000000,1000000,1000000,1000000,1000000,1000000,1000000,1000000,1000000,1000000}
securitybenefit.csod.com={787156,1000000,796604,639394,713158,751034,648420,830738,1000000,951519,734632,758041,750744,743694,912540,1000000}
actionfraud.police.uk={789519,947598,637872,567526,608044,639444,681667,817694,1000000,751487,651948,645219,628483,669156,742970,940848}
cybersecurity.isaca.org={790718,1000000,835057,618204,541961,468254,514760,843930,1000000,672493,570933,624820,634936,632564,907661,1000000}
mail.ecatacflash.icu={792297,699514,1000000,1000000,1000000,1000000,1000000,1000000,1000000,1000000,1000000,1000000,1000000,1000000,1000000,1000000}
www.123securityproducts.com={794968,754399,825210,802886,743273,737555,675296,712519,788492,761689,726869,753855,783252,744522,786536,730434}
www.motorflash.com={795339,514222,747545,926885,792875,813288,831530,667574,512047,756281,959928,980152,847796,820843,627554,473101}
itsecurity.cunamutual.com={798900,1000000,706339,572603,604065,623259,542264,580291,1000000,831321,586997,583187,580614,567407,790082,1000000}
mail.dts-security.de={799306,516304,1000000,1000000,1000000,1000000,1000000,1000000,1000000,1000000,1000000,1000000,1000000,1000000,1000000,1000000}
v20-security.chiefarchitect.com={801760,1000000,753600,739885,725474,689147,744137,765371,1000000,755672,718324,714456,765949,846874,936846,1000000}
fastflash.pw={813055,450597,1000000,1000000,1000000,1000000,1000000,1000000,1000000,1000000,1000000,1000000,1000000,1000000,638493,300914}
fraudguard.interthinx.com={813184,1000000,775243,647181,646791,646206,657675,811714,1000000,740852,704500,875115,808898,729599,868112,1000000}
labs.virusindonesia.com={814081,1000000,905594,1000000,987144,895700,945337,1000000,1000000,958823,947433,883009,886072,936576,860174,928294}
smtp1-gw.alertasecurity.com.br={816400,687353,817235,994960,989656,863403,897864,866429,776787,941917,1000000,952969,864104,922911,1000000,915116}
winatpmanagement-us.securitycenter.windows.com={817453,1000000,700233,645807,734180,792421,862493,1000000,1000000,973851,848462,820674,864886,901208,974148,1000000}
www.babysecurity.co.uk={817597,604356,855490,968441,963354,973500,940209,793192,655139,859008,968219,900299,820401,813343,741043,569665}
www.fastflash.pw={817788,454843,1000000,1000000,1000000,1000000,1000000,1000000,1000000,1000000,1000000,1000000,1000000,1000000,641185,301428}
avsecurity.dufry.com={819795,641340,874708,1000000,1000000,1000000,934086,810220,650364,853203,1000000,1000000,1000000,1000000,866354,670626}
p10.r11.v7.fls.security.comodo.com={823690,693189,958159,1000000,1000000,1000000,1000000,813812,738392,971127,1000000,995325,1000000,1000000,996467,765427}
qt.slb.adflash.cn={824067,679873,879128,932812,913785,1000000,1000000,856256,640663,832995,966306,1000000,1000000,922216,805614,728341}
v7.fls.security.comodo.com={825551,694983,960667,1000000,1000000,1000000,1000000,815561,740353,973492,1000000,997396,1000000,1000000,999366,767762}
security-app.eufylife.com={841862,763187,846340,933311,900252,807023,766996,681156,612910,729829,831336,763080,795655,930606,813645,704696}
www.securitybuyer.com={843933,1000000,1000000,1000000,1000000,1000000,1000000,1000000,1000000,1000000,1000000,1000000,1000000,1000000,1000000,1000000}
www.centerforsecuritypolicy.org={852248,1000000,832462,705512,684239,737637,730712,793252,1000000,756040,578858,536713,579410,622505,773852,779083}
explore.securityscorecard.com={856246,1000000,762995,893168,976770,968758,1000000,1000000,1000000,327353,378896,1000000,979908,1000000,1000000,1000000}
api.fraudect.com={872484,800760,1000000,1000000,1000000,1000000,1000000,948412,734169,945424,1000000,1000000,1000000,1000000,1000000,922340}
flashpuzzles.ximad.com={874548,721692,851175,991218,950247,951896,1000000,973003,803761,918091,990694,1000000,1000000,961469,803230,820477}
mailsecurity-nec.jp={876028,664939,1000000,1000000,1000000,1000000,1000000,1000000,1000000,1000000,1000000,1000000,1000000,1000000,1000000,680607}
securitybenefit.kronos.net={887504,1000000,1000000,1000000,1000000,1000000,1000000,1000000,1000000,1000000,1000000,1000000,974465,900188,853682,1000000}
speedtest01.flashcable.ch={887838,673782,918399,1000000,1000000,1000000,1000000,945007,713869,942020,1000000,1000000,1000000,1000000,891548,704963}
sso.wombatsecurity.com={887887,1000000,759513,577799,597423,663424,666640,792382,1000000,412962,369379,469549,581419,534090,579583,1000000}
www.flashcardsecrets.com={889275,1000000,654516,652043,792736,807983,883974,1000000,1000000,785719,648517,727122,812130,860242,1000000,1000000}
www.top10bestantivirus.com={889793,893029,951388,1000000,1000000,1000000,967386,1000000,1000000,914560,935503,1000000,1000000,1000000,1000000,1000000}
emailsecurityadmin.appriver.com={893206,1000000,913957,691019,727407,860733,918673,1000000,1000000,846396,672011,751120,780138,802419,1000000,1000000}
minfraud.maxmind.com={895367,707210,906222,1000000,1000000,1000000,1000000,911927,728982,882224,1000000,1000000,1000000,1000000,889327,727192}
mirror.netflash.net={895375,805288,979189,1000000,1000000,1000000,1000000,963992,728993,1000000,1000000,1000000,1000000,1000000,1000000,1000000}
original.securityintelligence.com={896113,1000000,738631,636064,701348,703249,761101,964918,1000000,960386,666346,628768,728143,811711,958348,1000000}
www.nationalsecuritylawpodcast.com={899370,1000000,818642,847241,834102,797971,803618,887076,1000000,785948,799129,812361,783616,873596,1000000,1000000}
mpv-router3flashproxy.valueactive.eu={905433,886615,1000000,1000000,1000000,1000000,1000000,1000000,1000000,1000000,1000000,1000000,1000000,1000000,1000000,764699}
supersmashflash2.top={907868,1000000,1000000,1000000,1000000,1000000,906068,924407,1000000,1000000,1000000,1000000,819730,846504,1000000,1000000}
www.brickhousesecurity.com={909002,962284,825307,763203,721675,776633,737624,765737,799270,785583,744250,803570,838389,716684,814967,1000000}
www.homesecuritystore.com={909289,848888,1000000,1000000,1000000,1000000,1000000,832268,732347,1000000,1000000,1000000,1000000,1000000,1000000,1000000}
www.sns-security.fr={909672,1000000,1000000,1000000,1000000,1000000,1000000,1000000,1000000,1000000,1000000,1000000,1000000,1000000,1000000,1000000}
flashgo.online={913418,759190,1000000,1000000,1000000,1000000,1000000,1000000,866371,1000000,1000000,741831,731222,748529,625034,511713}
taosecurity.blogspot.com={918166,875344,908701,950189,962553,955663,939375,1000000,1000000,1000000,1000000,1000000,1000000,956444,881813,934269}
us1.spisecurity.com={918549,717711,1000000,1000000,1000000,1000000,1000000,1000000,1000000,1000000,1000000,1000000,1000000,1000000,1000000,974572}
www.actionfraud.police.uk={929593,1000000,772489,642826,706208,730408,773011,905707,1000000,867557,731075,735505,725136,797905,903362,1000000}
www.flashrouters.com={929928,809563,1000000,1000000,1000000,1000000,931819,936090,846614,1000000,912234,803706,820541,887221,903653,779242}
www.caribbeansecurityinstitute.com={940443,735234,1000000,1000000,1000000,1000000,1000000,1000000,936652,1000000,1000000,1000000,1000000,1000000,838363,758427}
www.securityinfowatch.com={941136,1000000,1000000,859097,801152,915171,863175,936580,1000000,859605,707003,830289,934676,940706,1000000,1000000}
www.cgsecurity.org={951687,962344,1000000,1000000,1000000,1000000,1000000,1000000,919556,985136,1000000,988743,994077,1000000,1000000,1000000}
www.security-vn.com={952429,718650,791662,951661,1000000,1000000,1000000,1000000,1000000,1000000,1000000,1000000,1000000,1000000,1000000,1000000}
www.socialsecurityworks.org={952470,1000000,1000000,1000000,1000000,1000000,1000000,793714,1000000,1000000,1000000,1000000,1000000,1000000,1000000,1000000}
bc.sparkleflashlight.com={954229,728604,986212,1000000,1000000,1000000,1000000,843071,656866,945800,1000000,1000000,1000000,1000000,866437,678083}
weworksecurity.zendesk.com={962738,1000000,950296,864495,841276,930811,975355,1000000,1000000,1000000,891032,878571,856130,908596,1000000,1000000}
cso.tracesecurity.com={967048,634448,835032,1000000,925491,994125,978837,803384,701496,829886,795484,867143,936890,889402,849501,609309}
help0.flashlight.ksmobile.com={968664,730560,977602,1000000,1000000,1000000,1000000,973517,763309,948074,1000000,1000000,1000000,1000000,1000000,773514}
hotforsecurity.bitdefender.com={968773,1000000,1000000,922825,926586,1000000,936114,1000000,1000000,1000000,946905,926155,885589,856800,993466,1000000}
pointrat.alcatelflash.com={971715,715961,745749,731823,816148,889560,860962,856065,689038,883095,917461,968652,1000000,885264,778437,630826}
scanner1.security-research.org={972708,807455,1000000,1000000,1000000,1000000,1000000,1000000,844161,1000000,1000000,1000000,1000000,1000000,1000000,897794}
securityteamvpnovhins1.securityteamvpn.com={972795,680426,1000000,1000000,1000000,1000000,1000000,1000000,1000000,1000000,1000000,1000000,1000000,1000000,1000000,1000000}
www.securitywizardry.com={975620,892882,984211,1000000,1000000,1000000,1000000,1000000,1000000,1000000,1000000,1000000,1000000,1000000,1000000,1000000}
www.winkflash.com={975856,822335,1000000,1000000,1000000,1000000,1000000,906601,715527,997285,1000000,1000000,1000000,1000000,938455,722759}
antivirusguard.r.xoxknct.com={976969,880249,1000000,1000000,1000000,1000000,1000000,879269,708712,878735,1000000,1000000,1000000,1000000,1000000,941237}
viruscomix.api.fanduel.com={986161,833685,691839,829753,1000000,1000000,1000000,1000000,1000000,1000000,1000000,1000000,1000000,1000000,1000000,1000000}
www.rsasecurity.com={987525,892848,1000000,1000000,1000000,1000000,1000000,1000000,1000000,1000000,1000000,1000000,1000000,1000000,1000000,1000000}
www.securitylearningacademy.com={987552,1000000,930502,803354,826278,840837,831637,992614,1000000,843357,695897,775513,820842,798342,1000000,1000000}
mailsecurity.swisscom.com={994163,1000000,1000000,1000000,1000000,1000000,1000000,1000000,1000000,855974,747159,868864,835956,811166,1000000,810084}
ns1.securityspace.net={995166,1000000,1000000,1000000,1000000,1000000,955159,953684,1000000,1000000,1000000,1000000,1000000,1000000,1000000,1000000}
prod-security-api.localsolutions.theknot.com={995915,1000000,1000000,917115,998425,954483,982414,1000000,1000000,1000000,854585,913077,1000000,1000000,1000000,1000000}
www.coolflashgames.fr={999162,1000000,1000000,1000000,1000000,1000000,906955,1000000,1000000,1000000,934900,954190,976041,732432,903550,1000000}
